start=196.329467
pause=yes
volume=60.000000
