start=53.586867
pause=yes
volume=100.000000
